{
    "camera": "3937 (0c45:6366)",
    "platform": "Windows NT 10.0; Win64; x64",
    "avg_reprojection_error": 0.9309056222667738,
    "camera_matrix": {
        "type_id": "opencv-matrix",
        "rows": 3,
        "cols": 3,
        "dt": "d",
        "data": [
            940.7360710926395,
            0,
            615.5884770322365,
            0,
            939.9932393907364,
            328.53938300868,
            0,
            0,
            1
        ]
    },
    "distortion_coefficients": {
        "type_id": "opencv-matrix",
        "rows": 5,
        "cols": 1,
        "dt": "d",
        "data": [
            0.054834081023049625,
            -0.15994111706817074,
            -0.0017587106009926158,
            -0.0014671022483263552,
            0.049742166267499596
        ]
    },
    "distortion_model": "rectilinear",
    "img_size": {
        "type_id": "opencv-matrix",
        "rows": 2,
        "cols": 1,
        "dt": "d",
        "data": [
            1280,
            720
        ]
    },
    "calibration_time": "Thu, 25 Jan 2024 21:23:30 GMT"
}