{
    "camera": "Microsoft® LifeCam HD-3000 (045e:0810)",
    "platform": "Windows NT 10.0; Win64; x64",
    "avg_reprojection_error": 0.19328249898121208,
    "camera_matrix": {
        "type_id": "opencv-matrix",
        "rows": 3,
        "cols": 3,
        "dt": "d",
        "data": [
            750.2838670055768,
            0,
            315.48434484841454,
            0,
            751.7247203468797,
            232.22191741662485,
            0,
            0,
            1
        ]
    },
    "distortion_coefficients": {
        "type_id": "opencv-matrix",
        "rows": 5,
        "cols": 1,
        "dt": "d",
        "data": [
            0.135376262840712,
            -0.9786863227542503,
            -0.0023406880338396703,
            0.0002517493514474444,
            1.7577626787731142
        ]
    },
    "distortion_model": "rectilinear",
    "img_size": {
        "type_id": "opencv-matrix",
        "rows": 2,
        "cols": 1,
        "dt": "d",
        "data": [
            640,
            480
        ]
    },
    "calibration_time": "Fri, 17 May 2024 00:18:38 GMT",
    "caveats": [
        "cropped"
    ]
}